,one
0,-0.020569616824001907
1,0.013578024734589437
2,-0.0007931882781805554
3,-0.020177739592046936
4,-0.0009712102038768689
5,0.0002815819088732187
6,0.004356288759712771
7,-0.004987456567564654
8,0.0002441955623592112
9,0.007210391683861017
10,0.017169043902295417
11,-0.002777936897694189
12,0.011315120978965549
13,0.0032849455100350646
14,0.008403233928416924
15,-0.00347159669951575
16,-0.006515731413164557
17,-0.0020091606775883655
18,-0.006910789296921069
19,0.015717945173701352
20,0.017793915934573433
21,0.03639188020529641
22,0.07063912061271259
23,0.02330540658138876
24,0.01360377055478767
25,0.027578030122308295
26,-0.0005023668140958211
27,0.00252086891574003
28,-0.004030124445225867
29,0.0010264212772957881
30,-0.019241212516967875
31,-0.010756133731827182
32,0.0041910815721576036
33,0.015662811884908708
34,-0.00441339206970926
35,0.0031157987306804553
36,0.0030214304103808277
37,-0.004230559939232224
38,0.010804811384210862
39,-0.07633408778269359
40,0.01018746146075949
41,-0.0029109124595493208
42,-0.002577726395075486
43,0.010993167733161712
44,-0.059474091974429315
45,0.0035906239580238185
46,0.019720602678985188
47,0.003803931662449675
48,-0.03852938430267676
49,0.010403226488275139
50,-0.00639577482896844
51,0.02151994433538731
52,-0.0007922465467865303
53,0.004134919447484534
54,0.007705673607859136
55,0.013758167255707823
56,0.0008772774925157366
57,0.012858699394085201
58,0.004356064321370702
59,0.004400460393385068
60,-0.010611578042750413
61,0.00478270958810698
62,0.008148839120575558
63,-0.04331136965512101
64,-0.07280064451055625
65,0.011423416019852665
66,0.007310820826733104
67,-0.0004030405731165616
68,-0.003612838361162014
69,0.0010874550441026623
70,0.009357639670929759
71,-0.004347370718730886
72,0.00013147155749249008
73,0.009053841683516417
74,-0.005125921668351504
75,0.022468975585676763
76,0.010789338431361633
77,0.01370715580688702
78,0.0019678344976725728
79,-0.0029390229099990448
80,0.0034598298176116734
81,0.0017326670648368666
82,-0.002140212909898647
83,-0.014274101681542894
84,0.00990043041116181
85,-0.002893425332101621
86,-0.03558209881779899
87,-0.0006451400730093268
88,0.015543282708921106
89,-0.00173908851752017
90,0.004705776175511144
91,0.005188172294723019
92,-0.0011361080500602101
93,0.02222901494416753
94,0.005953175953660754
95,-0.003966423553110298
96,-0.04177302888315872
97,-0.008178030827048047
98,-0.007726945318850995
99,-0.031194347916121194
100,-0.016245185263476594
101,-0.024394954046479636
102,-0.0031692399979802058
103,0.032463384524136246
104,0.0568641767478008
105,-0.0030408721087282838
106,-0.0046015643251337566
107,0.0001247643449483088
108,0.0074738225020688845
109,-0.0002835205738966086
110,0.02062177456245767
111,0.003814111165667089
112,-0.005632750757656506
113,-0.015377407415756855
114,0.0076162173735796965
115,-0.007755615236792595
116,-0.004987619537626021
117,-0.00148383311920843
118,0.008093421671372305
119,0.024955506121042373
120,0.007461632296576578
121,-0.006121077071447781
122,-0.0022875457241365894
123,-0.02274445255525126
124,0.006428190418165484
125,0.010076111828611475
126,-0.004719346907266774
127,0.06102923571825423
128,0.012761570574568637
129,-0.005687635123373621
130,-0.0066865605001950905
131,0.0015915288917541367
132,-0.014422395587721662
133,-0.002803759120072928
134,0.011685858533823161
135,0.008086729634948117
136,-0.004454016924017762
137,-0.016859545350444167
138,0.010674608826081724
139,0.017853224939533466
140,0.0026015378214054754
141,0.0031294747628811555
142,0.003474181843486567
143,-0.00041459335492712696
144,0.008768166124447396
145,0.003920087890375821
146,0.0010671765290726346
147,0.014765521922992462
148,0.022446634119065032
149,-0.0004520262400776148
150,-0.0034607941620235214
151,0.011822803059480141
152,0.005852687074565134
153,0.004880657736635327
154,-0.006567128429352446
155,-0.005909905187554188
156,0.005242725487191147
157,-0.00064061521411028
158,0.021608769100693145
159,0.01084388872515662
160,0.0076427755716997605
161,0.04678018476585847
162,-0.02521386031434729
163,0.006767215667165156
164,-0.006850714377427508
165,0.014860963443454632
166,0.006146029251184753
167,0.005232261670577577
168,-0.002332745252181773
169,0.0013096237208225854
170,-0.002214974374191231
171,0.005529021499076867
172,0.005313731675679965
173,0.00718391670398173
174,-0.012145626251436172
175,-0.00822112942452586
176,0.0021993839352604455
177,-0.000631840518193451
178,-0.0005508157562075777
179,0.008234874730239717
180,0.013473984330139398
181,-0.018453304055143113
182,-0.0022633386015020527
183,0.0005269610609024299
184,-0.10769550703591943
185,0.032125121198258104
186,0.007691798829629262
187,-0.0017651446480313208
188,-0.01842370122207452
189,0.012682318765156655
190,0.01860496624077773
191,-0.012026320169042608
192,0.0013077572989223024
193,0.012931720920798407
194,-0.018100147469339033
195,-0.02323626027311121
196,0.0013783072962380127
197,0.009495432875073673
198,-0.0077654631034412315
199,-0.0013232146600970118
200,0.05957619249513631
201,0.012036407640462262
202,0.0018774517209152956
203,0.002768825414223055
204,0.008151465414770064
205,0.00335121996213094
206,0.010101015889957193
207,-0.017384556918111874
208,-0.003598418470105345
209,0.01866091546438938
210,-0.007581233678013502
211,0.010430457642650631
212,0.007848739677843178
213,-0.041254076194887725
214,-0.008619615500149393
215,0.0037628684501919657
216,0.009795376665370559
217,0.001527841685634854
218,0.006747145103392204
219,-0.005053661461251819
220,-0.008732438076454786
221,0.0020772560283927022
222,-0.005285965468842438
223,-0.007191762207872697
224,0.004225566833273924
225,-9.329628899273352e-05
226,0.0013204934104530106
227,0.0036812414876087733
228,0.005155302334551727
229,-0.0010743255147376866
230,0.0019143412035008869
231,-0.0024533042790713536
232,0.007169081174511859
233,-0.000818776802230467
234,-0.002309201225261966
235,-0.03310509346858337
236,-0.006149324471624985
237,-0.007424846363413501
238,0.02930174921880318
239,0.004440563009958028
240,0.020492562914415407
241,0.002728016050927142
242,-0.0044574427175972774
243,0.04049935671400693
244,0.018031744261042842
245,0.032248649060948216
246,0.04605884408914479
247,-0.012269074661762712
248,0.013076294100521404
249,0.004142128984303468
250,0.001657707532964931
251,0.01701463653099046
252,0.0028678896010133547
253,0.0005494980267003642
254,-0.00811204043308076
255,0.003937185848223957
256,-0.0005138863964057992
257,0.0008806645686140321
258,-0.009826268763034468
259,0.004514307898932936
260,-0.0010432832367909053
261,-0.002996345485381705
262,0.004574287023484289
263,-0.017483564334200178
264,-0.009858259795141823
265,0.001993541740119663
266,0.020030810497249425
267,-0.014067426367139334
268,0.008926943224374812
269,0.009562103027778471
270,0.0028638106508716136
271,-0.003841692102677501
272,0.015207111827577115
273,0.010015136349051948
274,-0.016352994467138532
275,-0.03087790581827056
276,-0.005538002362846533
277,0.006603256661148949
278,0.01818398418374696
279,0.005502975890998203
280,0.004089837400400536
281,0.004962738750760336
282,-0.0029256352592922515
283,0.0009309646716784907
284,0.017959767945170367
285,0.00595844268129165
286,0.010409934289405566
287,0.02465385124965119
288,-0.08684775634837288
289,-0.0365162101788308
290,0.01030444580952244
291,-0.002753187019594266
292,0.0009684834311299395
293,-0.013491089160599705
294,0.015523848528445697
295,0.005778424411676581
296,0.0074743570376102865
297,0.006493527004244642
298,0.011157388197210603
299,-0.0856632089806928
300,-0.006418515450715906
301,0.009462723963952074
302,0.010664785674245713
303,-0.0034983207625776326
304,-0.007001798191940514
305,0.0005388620931367103
306,-0.8660807465267948
307,0.45212494790451446
308,0.0030710965447652764
309,-0.008923562046530767
310,0.012478617133125971
311,-0.005396603735756276
312,0.011086550311698709
313,0.010854341647347554
314,-0.019976324089027837
315,-0.008182499118383438
316,-0.005238264521923136
317,-0.0008191680374207181
318,0.008477762131209505
319,0.11906041743832674
320,0.005519826748723381
321,0.005423877754872682
322,-0.00511725072419233
323,0.0050612878317654215
324,-0.02019707195641816
325,-0.004423136408009329
326,-0.017234316980252802
327,-0.025885540053834283
328,0.0016332153651885527
329,-0.0044067152753111604
330,-0.028187440425504806
331,0.0014142364877114896
332,-0.0004412053047963888
333,0.005031626745824977
334,0.0016271325058833405
335,-0.0039771857689324735
336,0.004077796735847016
337,0.0047388112344418165
338,0.009775711097973372
339,-0.009906445924665655
340,0.002018186225742115
341,0.03694087027037481
342,-0.004967173337908042
343,0.00614964055392449
344,0.0019820004544178994
345,0.01200434720704572
346,-0.0010035968697521432
347,-0.005209269686567854
348,0.019268365779813924
349,-0.006812105541949938
350,0.009437987661585871
351,-0.012768599388922969
352,0.0009237369657628158
353,-0.004904767006471804
354,-0.004184306654872892
355,0.0012961285021918518
356,0.023533119140279207
357,0.009063825965678387
358,0.046959349617020696
359,0.0031333263984305334
360,-0.0016990093573797226
361,0.012934994283043103
362,0.004251121414392383
363,-0.0012850783715774611
364,0.004926174435920481
365,0.012915818702140787
366,-0.004810600399176879
367,-0.0042477236822809974
368,0.0035440282274474457
369,-0.0022759437271498684
370,-0.0020753022182341944
371,0.01851977539210115
372,0.006542897264261513
373,-0.003910540911320368
374,-0.0008059106017074137
375,0.003953683947795471
376,-0.0032859346559771796
377,-0.00900734610780366
378,-0.015876976783161162
379,0.0041405151572233385
380,0.020616179198973357
381,-0.0027629836604310446
382,4.565478613143749e-05
383,0.003984151668666949
384,-0.0014364854172784795
385,-0.009180049819967381
386,0.012309447390741333
387,-0.007776812384401846
388,0.018279298829694184
389,0.0034818618372285835
390,0.01025729999198614
391,-0.01756329762975959
392,-0.03602125247343088
393,0.0070900295545846545
394,-0.004067619184293929
395,-0.007821030203769156
396,0.004594179404026571
397,0.00944923666692352
398,0.002955436068623856
399,-0.010845910100534725
400,0.02969954890747428
401,0.00904519436430716
402,-0.03139027782882121
403,0.006031396319451813
404,0.005595701247950045
405,0.004886108629060847
406,0.004296595810138927
407,0.015308136636924019
408,0.040441647468622575
409,0.0015094169725860093
410,0.009755504830603138
411,-0.008385790101399495
412,0.008694148936348702
413,0.01275083803008658
414,0.0083847332796807
415,-0.004147719747648768
416,0.00622622602171363
417,-0.013826034267701104
418,0.02697916154702666
419,-0.0006637888897840242
420,-0.00551967592447186
421,-0.0061490869591104
422,-0.0021560155378747667
423,-0.002408273974894238
424,-0.005747291164335585
425,0.010637310853215863
426,-0.00031150724898343205
427,-0.008593906297811545
428,0.00042550593309579997
429,-0.02884755545030899
430,0.00698212383905821
431,-0.018604783122155622
432,-0.0009420070450353494
433,-0.0052525690555472486
434,0.00840469108250206
435,-0.0120436560132933
436,-0.007022508849597272
437,-0.011122372407730733
438,-0.008355988435887717
439,-0.022145548666204117
440,0.014436376773359821
441,0.009702182335610616
442,0.011366460951698014
443,-0.011398546755851178
444,0.03193028653308651
445,3.3529739964223695e-05
446,0.014971579465717099
447,0.24201232689106877
448,-8.443749361335958e-05
449,-0.0016607434827787405
450,-0.013221372173673753
451,-0.0012329322820096612
452,-0.010303054432810417
453,-0.020909965945722076
454,0.015617175562556571
455,-0.0043855496260946526
456,0.0016408467721574765
457,0.0010115483458494573
458,0.004171057335679577
459,0.17235540464151572
460,0.018345070821994828
461,-0.02091153566439597
462,0.0036520092272095653
463,0.003896202781746963
464,-0.0002835419488195483
465,0.007927928443242652
466,-0.0014454322586907797
467,0.004879574465824886
468,-0.010956652941200833
469,-0.002898294308227592
470,-0.10954568298567822
471,-0.035800928210940504
472,0.009826795562974094
473,0.02504463422541051
474,-0.007553436511479655
475,0.0025788955390699127
476,0.006739776256600325
477,0.0054952024056979035
478,0.005527423424472642
479,-0.008087204355117335
480,-0.004640136888784045
481,-0.0007890281212448481
482,-0.036515742504897954
483,-0.0023522561690221193
484,0.003232963740284946
485,0.007958501519422737
486,0.004387021614930371
487,0.0005909691933048123
488,0.008368605317256483
489,0.004131728551180816
490,0.0020751445407230385
491,0.006010555758991223
492,-0.020375757896679253
493,-0.007984726249239104
494,0.02926195793471606
495,0.014768356863405255
496,0.10671841555068573
497,-0.0030308907376839236
498,0.004667690889325432
499,0.003562778987306251
500,-0.011513039882711818
501,0.02069161582009178
502,0.012737690028055483
503,-0.02193548841333487
504,0.009614703819445528
505,0.0034056718309269916
506,0.012168703810495186
507,-0.013249560417260383
508,0.002564617502594723
509,0.0006791236720088031
510,0.0077131498935411845
511,-0.014395470125316443
512,-0.014434637784605044
513,0.022512469257595664
514,-0.008929008948004306
515,-0.009421385098047132
516,0.005183279403462875
517,-0.009446446555785968
518,0.005221304462191868
519,0.005712377040657278
520,0.0074362084158965825
521,-0.007998197887361926
522,-0.018832737265638187
523,0.0021559979313462187
524,0.0013595762277477965
525,0.0031763228572757687
526,-0.004439762942065818
527,-0.019122818349811565
528,0.001320832199220331
529,0.0036228896475698474
530,0.000999697345810066
531,-0.014768372978057042
532,0.008883334370875833
533,0.013046412901502621
534,0.008329194404986529
535,-0.014209819365964783
536,-0.02990487403286708
537,0.007248511122570431
538,0.011529771040943425
539,0.011794840349193071
540,-0.002575466282117864
541,0.003417116533306709
542,-0.004957184152678967
543,-0.007271366785899314
544,0.004243006811155026
545,0.0062112299587554175
546,0.004273167535982569
547,-0.015419574053064532
548,0.008991173093596247
549,0.006663030195354518
550,0.0033149999334365935
551,0.010819058519409336
552,0.029632910119638124
553,-0.018712458374015552
554,-0.00019073346264377507
555,-0.00614858944240662
556,0.0029302857179615135
557,0.002905470951132207
558,-0.008906843799032445
559,-0.006926230821803702
560,-0.0031168539149161907
561,0.015044120348906577
562,0.013462620908686726
563,-0.0015528906758804275
564,-0.0014639094762283178
565,0.008252799759769518
566,0.003132692090374076
567,0.015822550563123806
568,0.010743429671901962
569,0.0008794115630462928
570,0.0037919848076079974
571,0.002740089634680455
572,-0.05663251123724564
573,0.028764579536299954
574,-0.10237017220975249
575,-0.0037086189886482135
576,-0.002970671401738347
577,0.009447062536316407
578,0.032078622366957125
579,-0.02025484764842237
580,-0.07318027315233686
581,-0.009391781952133726
582,0.10348734815979946
583,0.0033782866734675962
584,0.012003208905329923
585,-0.009880441498335023
586,0.006805175507809596
587,0.001525270765611278
588,0.014011472417290413
589,-0.0015720995558287385
590,0.008462681608726128
591,0.0047476043617103204
592,-0.0023027576640949113
593,0.004766606627494975
594,0.0008267702086759336
595,-0.012400164496768108
596,-0.008795691402988418
597,-0.0035988097188172116
598,0.0073376389217327375
599,-0.035575571728360976
600,-0.00026731041793037844
601,-0.004371143988634153
602,-0.0006218452673427358
603,-0.0055308474464645044
604,0.05986969951418704
605,-0.0028726191200016972
606,-0.0005374625549669337
607,0.009931624158432392
608,0.00679793914990034
609,-0.0017358057937028697
610,0.014783259762374969
611,0.02080333843617705
612,0.0028911616990233793
613,0.008067703147248476
614,0.0009828835481369591
615,0.00847025434587019
616,-0.014090317417831476
617,-0.010705571240475102
618,0.00443870100844954
619,0.010536231576404815
620,0.006877304539984388
621,-0.00424432870050908
622,0.034169700499036205
623,0.003816380517763642
624,0.0020016302961077675
625,-0.008055785865793417
626,0.012803420266549131
627,-0.06603188017872337
628,0.006361549745586214
629,0.003624318373026333
630,-0.0030472717102714487
631,0.004425563834201367
632,-0.004485803518924162
633,-0.14282210946855955
634,0.00040844676302833455
635,-0.0015021633533399401
636,0.014766652778903145
637,-0.00597199096533815
638,0.007622809261785006
639,0.007851003722846644
640,0.0014463150845741533
641,0.00971403507008377
642,0.005395828675174795
643,-0.0006239581688883259
644,-0.0282564018238325
645,0.01138968476020788
646,-0.007781323424910617
647,0.16043861638855753
648,0.026983635684023583
649,0.007740289433773216
650,-0.0018018920727599923
651,-0.007247042799295395
652,-0.0016810182493271694
653,0.014802225607386508
654,0.002628091989648359
655,-0.00480051554703876
656,0.003156902535416749
657,0.033260019158223096
658,-0.01143256586837539
659,0.010411465080581822
660,-0.005212070062474924
661,-0.0013967138158178035
662,-0.05408481606258875
663,-0.003444429153246351
664,0.00229564685011212
665,0.004976033943205924
666,0.032843188551174504
667,0.009885963489587903
668,-0.0015448203291049858
669,0.007774846240090527
670,-0.0043006803993247715
671,0.027479026511656963
672,0.03130317287501619
673,-0.06007987056119331
674,0.009382387432937353
675,0.0006642024884590916
676,-0.00414604892483433
677,-0.005100957558987499
678,-0.006708067783492259
679,-0.014511182637405147
680,0.0103283418450014
681,-0.009286091154041434
682,0.007368524526059328
683,0.010721467519532011
684,0.003993378980059176
685,-0.0008975176947424206
686,0.01022680847842862
687,-0.00869554360973193
688,0.007661539684938792
689,-0.014791150870030911
690,-0.00810181671545749
691,0.0033909204575456836
692,0.007219336423841588
693,-0.010336085987741488
694,0.016989083997912133
695,0.0029036960598352187
696,-0.001328072693828175
697,0.007573163164634363
698,0.009730116958754396
699,-0.010106038836225942
700,-0.00014051354528214196
701,-0.0034809654403472248
702,0.011606034829917412
703,-0.0027489273270689665
704,-0.038975891777359516
705,0.011961310615153757
706,-0.05295818333061672
707,-7.633626234362013e-05
708,0.00344552831192521
709,0.014401447779467431
710,-0.009537159087828385
711,0.021588897919407303
712,-0.007924823260454883
713,-0.003146790172524615
714,0.00897997767950669
715,0.0240555278772567
716,-0.00032952964643462887
717,0.006283936255907912
718,0.0031292187727103462
719,-0.01441972083719647
720,-0.011309386261985292
721,-0.0002281567878595111
722,-0.009740519647351873
723,-0.0009247183959414816
724,-0.016676543182681997
725,0.0025624561748682183
726,-0.0037394520478759466
727,0.009267488594047477
728,-0.00679689869709213
729,0.013121212006242087
730,-0.010337627406245992
731,-0.016960677230054986
732,0.006324643871504185
733,-0.004988964464567619
734,-0.011612983379522166
735,0.000545031919564761
736,-0.016273290461051002
737,0.01289165355170356
738,0.005849970145757774
739,0.02815360164021442
740,0.003467125016749057
741,0.015068290230800988
742,0.006562405356641313
743,0.01840703105167148
744,0.01192894097437183
745,0.006497348140979625
746,0.012034466994993224
747,-0.0010297783870077775
748,0.036589376834221254
749,0.004687719394376677
750,-0.010411383448782566
751,0.002404908301040283
752,-0.0014705912950061903
753,0.01268301708219372
754,-0.005874502458750744
755,-0.0039250737218304126
756,0.008402574866221414
757,-0.005634608457422863
758,-0.013771830271661012
759,0.001471428613854552
760,0.004496996081075912
761,-0.0062298033405317884
762,0.002528691896137419
763,0.01075377522603874
764,0.01017407318951538
765,-0.00011902967959807687
766,0.006858913697655157
767,-0.01970720571652938
768,-0.013966738052923002
769,-0.005775024083899131
770,-0.00018391863014695207
771,-0.0001342487356135984
772,-0.0035050087634313034
773,0.007872929967033662
774,0.007653494284251336
775,0.011721839209270593
776,0.0008202756183640254
777,0.010582397158878513
778,0.02191930225350882
779,0.002908145596973039
780,0.0009690543151357297
781,0.0029320249570226288
782,0.013439756902953676
783,0.012993134363666952
784,-0.010837629923512325
785,0.012797717436703996
786,-0.0037824520228261125
787,-0.0011370342402659498
788,0.0020785770781228795
789,-0.017625676330364767
790,-0.007835261079625183
791,0.006248433343772733
792,0.0018256959087721632
793,0.002395868851430664
794,0.02524610823114187
795,-0.00502887127385898
796,-0.007849315197600258
797,0.00859353055724279
798,-0.003786251008405094
799,0.016109079462269686
800,-0.03575101916255771
801,-0.009539219682750118
802,-0.00876578074681087
803,-0.0029738356556955666
804,0.005867252451166692
805,-0.01608854735613265
806,0.018009418476510095
807,0.012532889299522239
808,-0.014839864133547608
809,0.007543619846393963
810,-0.004365719928615185
811,0.0015594579137063734
812,0.009047000377261192
813,0.005780222143807003
814,-0.011544844044470698
815,0.00288256322792471
816,0.014261299333554609
817,0.00846414912457061
818,0.0018415462009648152
819,0.00674083950252963
820,0.0005429019055098604
821,-0.025106840479187015
822,0.004409791544303032
823,-0.0008266060261708751
824,-0.0023813417136046085
825,-0.0007434726995173433
826,0.006345452673587429
827,-0.0035707260163105074
828,-0.0006822376448999956
829,-0.017624626705717728
830,0.0016480980993569283
831,0.010401869085529375
832,-0.10434349260492537
833,0.00026399252219613367
834,0.005579336379062807
835,0.02442083269540048
836,-0.010895379901269191
837,0.0017016761593374998
838,-0.022194899154463998
839,0.012365985702592302
840,0.014108587240347366
841,-4.241800763576238e-05
842,-0.0034291897367384814
843,-0.019333184498362268
844,-0.015671575956590005
845,-0.010029036404074832
846,-0.0033916643283661034
847,-0.0004711347632624176
848,-0.026978312509374356
849,-0.0002865292640532001
850,0.021618373117509707
851,0.07241354434099152
852,0.015228668239475053
853,0.004121486355161696
854,0.0018351667731058023
855,-0.0020362230636893856
856,-0.00501369298358754
857,0.005207544020222394
858,-0.004077141251564413
859,-0.004755703622180323
860,-0.00024148843373877975
861,0.0028230108154735003
862,-0.003805540033517693
863,0.0067031068973026735
864,0.004056121201124032
865,0.015962887002524476
866,-0.0629503947250701
867,0.003373850446630932
868,0.006057657052836872
869,0.017467554992051413
870,-0.016058533688267776
871,0.016138380964352095
872,-0.005109652815860636
873,-0.0019263169374571464
874,-0.017715805864057608
875,-0.003938207608938074
876,0.018476105164838896
877,0.00985176250050355
878,0.007725197758684274
879,0.010131052455100546
880,0.01678318983377223
881,0.028292763888838886
882,-0.021557345582649438
883,-0.003006506926966237
884,0.003316721961520638
885,-0.02782061236815604
886,0.016362251640969168
887,0.0025840044849500645
888,-0.01512813234250031
889,-0.0007647366460655318
890,-0.01822938572385558
891,-0.00278240217727945
892,-0.2772237136723275
893,0.002131247927804086
894,0.007370703744521232
895,0.0057303839920399315
896,0.004028130302275047
897,0.005811507706581353
898,0.01288344778948264
899,0.013041776008808766
900,-0.017397008583853932
901,-0.027212219878128833
902,0.002333746944720292
903,-0.026106464721365685
904,0.005516636787676202
905,-0.010776963426717325
906,0.009615813658648234
907,-0.015002839030498046
908,-0.0076108896653609695
909,0.007152458292499591
910,0.002559112110021063
911,-0.012440481095045735
912,0.025085966710164692
913,-0.01936321055208674
914,-0.018422384665172955
915,0.0016526905265853047
916,0.0020197842732739392
917,-0.002705431828458082
918,-0.004835884144429847
919,0.0010887663263274968
920,-0.001310549712587955
921,0.007616419123365493
922,-0.00793127592428261
923,0.0052849094777324265
924,0.006148397184830515
925,0.0015103422731393918
926,0.008512309151004592
927,-0.010359175151671255
928,0.001682801990025623
929,0.005356552937767824
930,0.02170850755668857
931,-0.013764386857028509
932,0.021348040162537756
933,0.00909330205086312
934,-0.03005369037291331
935,-0.014084654240549532
936,-0.005409547641274219
937,0.0039832311309593365
938,0.0003921049787539614
939,0.0012116851027497981
940,0.00910212711899077
941,-0.003799504233002336
942,0.005477232261713903
943,0.0029878935135673476
944,0.01188910882767435
945,-0.0006154070510749916
946,-0.02435691145332731
947,0.003899702783541256
948,-0.006608653033706776
949,0.018774263397593752
950,0.0015253617278514105
951,0.005596561724792818
952,-0.0035747483084217677
953,-0.012358933754214093
954,0.0082601894679584
955,0.006471937625630817
956,0.003926184337854252
957,0.008449763444210204
958,0.019223579958600374
959,0.003925145573220965
960,-0.003790174797363874
961,-0.01117116459953782
962,-0.00352843627268781
963,-0.004187231225574678
964,0.009721699009545727
965,0.021504972763986337
966,0.0066953302376423765
967,0.005272663306088726
968,0.013922458892829708
969,-0.004659517568645162
970,-0.022472510751834724
971,-0.0014182958824604404
972,-8.769217047780662e-05
973,0.012395221535168423
974,0.01005158158852881
975,0.013689635485240877
976,-0.02056806720879475
977,0.0064763383468366305
978,0.006353423134528408
979,0.020332118726724312
980,0.013717073063179373
981,0.012278436637484942
982,-0.007233246879068596
983,-0.0009909138780466694
984,0.005596468288685416
985,-0.007252749923584215
986,0.002826318820366684
987,0.009898222637664569
988,-0.0022195270788382964
989,-0.017430776627290655
990,-0.0008287162020467159
991,0.06598101661974717
992,-0.013303531535809246
993,0.009217592926245136
994,0.008313242020204142
995,0.004455048272914482
996,0.002669810749824368
997,0.0013076693110344495
998,-0.026154329407471436
999,-0.005481617579385903
1000,0.010766117244459467
1001,0.4461870158815794
1002,8.19397651754904e-05
1003,-0.003831450496349532
1004,0.0069125792189591445
1005,3.167882762331758e-05
1006,-0.04126317401266687
1007,-0.012035565709890887
1008,-0.01730854649046016
1009,0.019597391666069962
1010,-0.010913129447803318
1011,-0.05010714563074337
1012,-0.0009616526445846389
1013,0.008523391785518539
1014,0.06097130091380738
1015,-0.04980060415612406
1016,-0.03471154804468776
1017,0.004747190191830139
1018,"[0.007894465008926543, 0.01361171263890637, 0.003098090009296728, -0.008208522538200702, 0.01437589882126633, 0.004163531187398872, 0.0010926964522541827, 0.006965652629473684, -0.008058349081727867, -0.004822555614717006, -0.008606441865044223, 0.004864059674724475, -0.005529220687160441, -0.006452324309680346, 0.007117485322116313, -0.00622496450541643, -0.008060947687763331, -0.01540584959727842, 0.010447431372000215, 0.03790769581601583, 0.001955865181782146, -0.01951161114646438, -0.0026601918020985327, -0.003780826595948472, 0.010638424770613497, 0.01139871946345239, 0.00217714477375619, -0.012694357333079331, -0.011742788407241633, 0.0040036833284473605, 0.01081803866158526, -0.020632937179286603, -0.008780919892686478, -0.0004523368623452484, -0.010461849836570059, 0.007062257903001301, 0.004304061142129001, -0.005439614810352156, 0.01957961754607762, -0.011882079616410746, 0.018102974961347496, -0.00666667811068411, 0.007331034640430278, 0.004416959030857148, 0.009649161928352301, 0.020093507109664177, 0.002136825049279034, -0.028140404672416963, -0.038492143404609935, 0.015844573345435098, -0.02801039515356818, 0.008737645707969977, 0.003656238581458915, -0.001369400825481204, 0.008868617873519558, 0.010584583836674266, 0.016441190623722957, 0.02609973109229413, 0.007911879391479415, 0.013539407809475046, -0.009076531446002623, 0.004654068539838185, -0.016599594549066232, -0.014917615204236068, -0.02626206117452301, -0.016913292348077258, -0.04037670022367501, -0.005223207353322934, -0.0011908992994305034, 0.009487802968416226, -0.001890406623323182, 0.009416330524888883, 0.010024508574593582, -0.0074505767506021225, 0.00698659035564364, -0.003720161699004576, 0.009274417911305788, 0.0002306938650245005, 0.0009225734413251807, -0.008798421689040214, -0.0018621608755589047, 0.004880816652328868, -0.02393355505478012, 0.01742043561661233, 0.02807369197741383, -0.010034418492504305, 0.006852620480098048, -0.004105885661501718, 0.013169976937686068, -0.0029367405436007132, 0.014821645267797834, -0.03009616143889371, -0.029136219399232166, -0.007359171176862578, 0.019583038364122007, -0.0422344609107026, -0.006602319572486914, -0.008871422953002028, 0.001236944445229815, -0.01419188333150534, 0.019370054660158065, -0.0004921270983873072, 0.010281535527818741, 0.015466841927151087, 0.008358325540064993, 0.001188181825237944, -0.01773337175143297, 0.009864144892799631, 0.0031073224256641385, -0.0031073224256641385, 0.013789980190926476, 0.00588590424392299, -0.006830926323785791, 0.0023607984682543215, 0.007985062597877901, -0.0028109922789316677, 0.012819168019406302, 0.022668338653883513, 0.009015223868402478, 0.006039630878708513, -0.01959308817553218, 0.01310467334248, 0.004255697344950127, -0.009657519321373487, -0.0018071381725968116, 0.010570300846818093, 0.016639363370152926, -0.01128470485139843, 0.009302405927358315, 0.0019822989240401157, 0.0, -0.010839655524383929, -0.015917978516828413, -0.006347743369218506, 0.005669661901337886, -0.0009050403447277144, 0.00766629713725453, -0.0013486313156920726, -0.009491529384542119, 0.01621665106409753, 0.008896678888368204, 0.0030953504501589624, -0.01781780783015896, -0.000899343187923618, -0.0036051598612591995, -0.009526054929009042, 0.004320699730910871, -0.01924452356971673, 0.024224103955911902, 0.0033810400761737913, -0.0040586705186935745, 0.009668537562055768, 0.013557178571708794, -0.003981385715306596, 0.01321012708012348, -0.004383883569265334, -0.0035212177054160243, -0.014209786138313474, 0.010012379765746982, -0.0035485502902716792, 0.016962624789411462, -0.007674698075645248, 0.011598875392732078, 0.0028245945633966763, 0.007995657854852345, 0.0015054893575139339, -0.011021097263002488, -0.010485049469500352, -0.003299237470674621, -0.003089124223273787, 0.003969891257956215, -0.016422788712772363, -0.021029691725753308, -0.007569581236619438, -0.007395558294026605, 0.0, 0.02813228879872054, -0.004747387213123622, 0.0018111484402680844, -0.002718035369178695, 0.00835684415333926, 0.0011240526638696124, 0.004483298159521976, 0.0006707324858659103, -0.011690708786092241, 0.0029355756934963395, 0.0011265972047322936, -0.0018033912277930497, 0.0006767940230607561, -0.0006767940230607561, 0.00270394920941075, 0.004490424483911237, 0.004916153041695015, 0.001336614019547655, 0.0015571416367636814, -0.004009033529525974, -0.012801898186022953, -0.0056669291493371965, 0.013547174836258113, 0.00291125241360346, -0.009436164831163829, -0.005659394411489549, 0.0022676512682482386, -0.007730793177144646, 0.018992150769275407, 0.0042463462097293014, -0.00873568256138979, -0.01610193041171981, -0.00895635978476883, -0.005087915638084528, -0.006979921812449774, 0.00790706804298047, 0.018134184511198415, -0.01998908834810975, -0.004419099901517454, 0.010434773145982623, -0.0034662011006949545, 0.0004628052545401218, -0.003476645268363887, -0.01003386605827794, 0.005379456668036742, -0.0018678130953488914, 0.005825556972901325, 0.0025523472165080996, 0.0030082608679675715, -0.00023101372105216456, -0.0018505304021578795, -0.00023157797717421325, -0.006039511647297324, 0.0, 0.003024273737099792, 0.014756966506292768, 0.007979134622997597, 0.0009079160768885597, 0.0031709878308188166, -0.0029442186765045175, 0.006105183119169633, -0.004745241970330882, 0.0038430591981013507, 0.0038285074079698056, -0.0011245581985590558, 0.0015739472608580218, 0.004706952306035017, -0.0065058825381605345, -0.009952544711701039, -0.0036439111991286577, -0.0011413383441853941, -0.00045704745610852804, -0.01728755998746756, -0.008170917923246757, 0.0007031204158922666, 0.006537450181604232, 0.004875233988962391, 0.013342673324255427, -0.02311702569818519, -0.0025758237710076237, -0.0014078879452839033, -0.003999392215552566, 0.012882222316811465, -0.0037304031989642272, 0.010456595785387712, 0.008516500454312181, -0.007592221735357008, 0.009881759185435435, 0.003879816186605156, 0.007489005730465292, -0.012512935394535907, -0.005739790936750255, 0.01030808572573072, 0.0029582882560890145, 0.028006781846251938, 0.006386954613451623, 0.0010970905757388127, -0.002415205732531067, 0.0008789888296814041, 0.0021938626263025007, -0.0006576457234528377, 0.010905211363001932, -0.002171471371898104, -0.005668211600375228, -0.004162618966467413, 0.013736121386593414, -0.0047752947602395235, -0.01181895506088515, -0.0002202068803700552, -0.005742069660580551, 0.005962276540950606, -0.0008809609803472895, 0.011393567207392152, -0.0013080576136219602, -0.001965261088506587, -0.005259761848089184, -0.01193636201882775, 0.009296148975471263, -0.001322764605689919, -0.002429609008715028, 0.0022090437998081303, 0.00044116066763355555, 0.01096740512691552, 0.013219381816947262, -0.0038827009339419405, -0.015244167482080018, -0.004618952397123177, 0.008779748446300584, -0.0037218981365099157, 0.00240975773383445, -0.005705528034446461, -0.004853250607337989, -0.007324287736186763, -0.0031236653349588916, -0.004703949764625515, -0.00472593946986688, -0.015916711756282398, 0.004801662554071884, 0.00045621363465397913, 0.002732106405492818, -0.002276263832625247, 0.012906333026238004, 0.006502965073287736, -0.007628535887863608, 0.007852120017519226, -0.0013416949925393329, 0.006245872702618671, 0.005986069558442386, -0.01290350546087593, -0.009222953255513033, -0.00022594912166562509, -0.0011309167438275924, -0.0013585473499813094, -0.0013605578349287217, 0.0009071360880728019, -0.008194819761980776, -0.0011435902122092223, -0.008041383015044312, 0.02325692949960123, -0.003838719878262342, -0.004989988618463004, 0.008152380946337967, -0.016830084138904855, 0.01412002867337514, 0.011690708786092241, 0.003569927214462476, 0.010192780584498129, -0.003312351520070811, -0.0017710522313896249, 0.007505601756795821, -0.005292315671727277, -0.01514828747751884, 0.0031375864820664123, -0.011251382320821124, 0.0013568658654932175, 0.01502784095711962, -0.00625276706124267, 0.002461137551990289, -0.007852120017519226, -0.00609950464582254, 0.0036190225512664487, -0.004525909480177059, -0.002270578126617684, -0.0011373474186768817, -0.01259604155694749, 0.004828157105371433, 0.005717638339119313, 0.00636505858666192, 0.0029413921087466655, -0.008622649674586258, 0.0002278841351075478, -0.0009116851559298755, -0.00022825518669922218, 0.00863064552095505, -0.022411185726130656, 0.0004623771967915413, -0.0025460973650444085, 0.0009267167447575275, 0.0032362256337779005, 0.0006921694688655222, 0.005290365328378899, 0.0027492516000882095, -0.005966143118206757, 0.0013799586244485074, -0.01598554701406596, -0.006090442485249703, 0.0077238878838394864, -0.021445356344786726, -0.012464301875809936, -0.012377201905502844, -0.008091289949344382, 0.0022130963752415855, 0.0061222936353790836, -0.00932076838906215, 0.0004929427078166349, 0.019271095096771163, 0.022693084693069965, -0.0059221554598676285, 0.0042674739542454265, -0.004029984496237704, -0.015559828464291048, -0.012135959703720944, 0.021501033256235313, -0.025170754438267773, -0.006146376083919103, -0.021940645292873873, -0.0012610102662320433, -0.010402221121148747, -0.025834686675819896, 0.02914463997108241, -0.001780886026716555, 0.0002545415067800594, -0.01487600048569293, 0.017164599080532028, 0.008095181478979585, -0.014721193883779682, -0.02879199123180798, 0.007341355025154428, 0.015552475299138724, 0.0033380923177257493, -0.014979737137793325, 0.005967205827329236, -0.004666894146030831, -0.001820817029160704, 0.009070926838137483, -0.0036184844073485767, 0.005165290529478561, 0.004626206028367497, 0.025067706620298003, 0.0012496183720693832, 0.00024964709007879726, 0.006222693941798418, -0.0009929401903852053, 0.0106238848591107, -0.005668483519682299, -0.00868813406103941, -0.008010074661636057, -0.01723754636380259, -0.012607868644655795, 0.012352220546755666, 0.011443294761030343, 0.02570946398992513, 0.0041806202301952755, -0.006647836586087585, 0.01641599131917304, 0.0021847101268939184, 0.0004847954803901544, -0.004615465862401802, -0.0004872130201154512, 0.0041328527810793325, 0.0004850306210477662, -0.013180609618203665, 0.004168319242716212, -0.0014692501927739965, 0.00415693258915284, -0.010055263290426941, -0.016903052103124594, -0.01236007726100441, -0.0012696572246262416, -0.0020350655817582552, 0.0020350655817582552, 0.021619630169953385, 0.017747744588240133, -0.008095259282260736, 0.011753258919914522, -0.009293326155760173, -0.0009831766980585854, 0.009789408429431434, 0.0036467003091436023, -0.00535292172516133, 0.005595568681800778, -0.0034022528413957254, -0.005125006913043961, -0.006135816336245714, -0.02215410221765901, -0.010627555022600266, -0.016673431691490714, 0.003614747000937335, 0.007957852899315832, 0.0025538050346349817, 0.015186198965040809, -0.007564317443969237, 0.0040413498663092184, 0.0030205099417868198, 0.02555653380169831, 0.0002448773660699288, 0.005373754809532061, 0.014270448171146644, -0.007956677957319913, 0.006755190423137103, -0.004095837574144445, 0.006737224379627982, -0.006013321098988111, 0.004333308513668088, -0.020874692799533356, 0.015092794058946257, -0.0031457572340229945, -0.007541612242778939, -0.0048960480975905885, 0.017032007801311533, 0.014133619557457289, 0.00829109209536294, 0.000943070718723904, -0.0018872005749599463, -0.012593752725722718, 0.008097177124953836, 0.003315158393298878, -0.006641343627627583, 0.001902007502804448, 0.004266462753164113, 0.001418203248695793, -0.005684666001859906, 0.003556775492678632, 0.014101178133222314, 0.0025638999374755223, -0.007007890090798163, -0.004228209988195619, -0.0106498759415663, -0.0038139932956484657, 0.009034891245510712, -0.010229774886108212, -0.005274550541342293, -0.002647572504363316, 0.013406940613897245, 0.004981547491724747, -0.008793978676946423, -0.002868613848173718, 0.020848818772733146, 0.0028096761053650887, 0.0007010619209586455, 0.023324134540603447, -0.010786198946013181, 0.00161386299416999, -0.006702872710561136, 0.002316337037375771, -0.00766452089791092, -0.0032694796395249526, 0.012783413056890902, 0.009881759185435435, -0.00527338336907035, 0.00938097989429676, 0.0015928486189138447, -0.01212399475591397, 0.0006901762165321124, -0.0006901762165321124, 0.006423549611773716, 0.0034241813115150066, 0.007718589313433499, -0.0009050403447277144, -0.008410030360082699, -0.00022830030603704365, -0.007102874913231139, 0.005274757299327026, 0.003197056738450499, -0.002968338738647436, 0.010463986227335909, 0.004515771600280161, -0.00157820553223198, 0.006073596362700329, -0.010369709780729819, 0.007674868859478101, -0.002701961418387855, -0.007468665690048004, 0.009945715473386407, 0.0038164748896192258, -0.023807899692708467, 0.003664612627339192, -0.010110343111468634, 0.0025371231537303363, 0.016450074909059698, -0.00636505858666192, 0.00613833287739074, -0.011626705801169646, -0.005979783225649404, 0.003914006647936619, 0.014372262308081751, 0.004970660543582861, -0.020262527036107203, -0.0315409214164275, -0.006668316362224536, 0.013528158366268084, 0.014974495608008231, -0.0051222694303298955, -0.001167812828897219, 0.010230396931553587, -0.017736817513834824, 0.0007060964907679157, 0.003288680518825471, 0.014897808630064846, -0.018657136675038766, 0.020503987654472144, 0.008725607348067266, -0.016133066411976316, -0.0009298647876470056, 0.01202057806279111, 0.006413168824900062, 0.022351021740877997, 0.012866136604665845, 0.005056738643401504, 0.0008767126426887373, 0.0045906804088973185, 0.004135439253704298, -0.012018038037821421, -0.01863824018110183, 0.022149255848149307, 0.006985420264554287, -0.0017417467890710192, 0.005433090963412601, -0.0026041938100367368, 0.0, 0.001302944632953773, 0.004546944742496839, -0.003028972311633238, 0.020163570387029983, 0.0004248098424752822, -0.022106352660368866, 0.025919802565468775, -0.004450580416695882, -0.001487964781133444, 0.007206520713434417, -0.023721639131083716, 0.015237966346836718, 0.00467491273472298, -0.044210856372384644, 0.006405294134235406, 0.00022007966815307256, -0.004633140649087375, -0.01875057579436512, -0.04989487531334347, 0.028256530081650855, 0.002070135203416701, -0.0009196041844425906, 0.00915755470675661, -0.035490192540110765, 0.008698705762279824, 0.0035050791028203854, 0.0006996773587772953, 0.027134331798847944, 0.0018132009625966283, 0.023277701211915414, 0.004855392624134591, -0.0044130609809343024, 0.014489890061611721, 0.007815854075912121, 0.011824333498666961, 0.004265299516944321, 0.0017010084357456101, 0.006775472686065376, 0.002528853463811709, 0.011093879378732519, 0.01364494606942146, 0.011027307592385016, 0.002231474557657709, 0.0034388121925896797, -0.009128687233735944, 0.006905026422890259, -0.0012151513817439952, -0.003044063495177163, 0.0008125889375194539, 0.00020300779172943706, 0.0, -0.00733641806077423, 0.009364884826702502, 0.0014174607566070918, 0.0038372755588238494, 0.0050265694899862545, -0.014342216833818089, 0.008710633485027097, 0.007034483948152204, -0.014525097096062423, 0.00243543936995394, -0.008345956655194886, 0.0002044086776991083, 0.002653298826893913, 0.010139997188471694, -0.0024242676100603155, -0.003850495872407711, 0.0014203369037801838, 0.0020255906187551798, 0.008262009176547958, 0.009188962214201846, 0.000596474758820742, 0.008902927593598342, 0.00019689057368110774, -0.019688362600233766, -0.001809137574022568, -0.0032245167407622954, 0.015025723988918438, -0.006183255261878351, 0.0009999695406248676, 0.007566627306738072, 0.0, 0.001981693610589641, -0.0043650351960742295, -0.0011938043017492017, 0.011874320865444599, 0.0019654757156333247, -0.007884975922195725, 0.004738385995286087, -0.002366421771389682, -0.0035600949427221362, 0.006910863678308177, -0.002166857856054527, 0.006094654947786715, -0.002551309018570702, -0.0297160856813663, -0.022104797263665876, 0.005572212965633483, -0.015346658671238078, 0.01883916371883032, 0.009389808905850616, -0.000609809238894421, 0.006484407112006263, -0.014034634226439469, 0.011000350641304335, -0.00040522417202426553, -0.005691104099062372, 0.019978483434965, -0.0058110308758902995, -0.013759916110502868, 0.000611029846876221, 0.006090285558227881, 0.009667700000820734, -0.0008021412090970514, -0.002209067971556955, 0.0066126176524885505, 0.003986443291118746, 0.0027810705873234642, -0.015594018220824513, 0.014005802521679378, 0.0029758914051467578, 0.010052240447993022, 0.000980172137232005, -0.015002239035404985, -0.019277752850811236, 0.005459540236692595, 0.0072332328562194625, 0.0010005699359199038, -0.0004000362812053293, 0.02313961807224696, 0.008952816317663093, -0.0069997645810462306, 0.0, -0.002344302113169938, 0.004293686182805567, 0.0005839566269332241, -0.004877642809738791, 0.004488353069896922, -0.006054186499713454, 0.004495370802908072, 0.007963385664918166, -0.010110785002072964, -0.0011733316028490481, -0.00983089738359233, -0.020763387621907103, 0.0032224965617024814, 0.007811798946033122, -0.00359788084417878, 0.015695262631966855, 0.016034614671211367, -0.008963353620445647, 0.005465591923215163, 0.011227322671257367, 0.0076702728395050546, -0.014236580513639074, 0.002515761164758823, -0.002128218202697818, -0.0032981130661615676, -0.008979099716807992, 0.0005879629860683355, -0.028019674265546746, -0.0034319420896788966, 0.005847354116587988, -0.002616905886479781, 0.0008058760341307369, 0.003819533710654799, 0.008192669832160604, -0.004387669466273669, -0.009842438267664955, 0.0004035885581012977, 0.013428331129067939, -0.02908701126655, 0.025497166383975367, 0.002793277871697919, 0.009518238732078466, 0.002562301622033747, 0.003144664306212075, -0.011248273780838813, -0.020247303883155876, 0.014076214931055375, 0.01151500817931339, 0.006492778945406785, -0.009854218884675303, 0.0021763599662838473, 0.002565912335839693, -0.007320326503239105, 0.005741995927341037, -0.005146421014169844, 0.0037634060115931955, 0.009249313425546246, -0.000979769696875854, 0.00605996375036999, 0.0021416160016685115, -0.006830016722847221, 0.014192851967904208, -0.00580826047883698, -0.014079370899281463, 0.0041269648133790415, 0.002350661127423992, -0.006674516514484141, 0.015634517423219974, 0.011759230064251502, -0.005958761557459891, -0.007158724457049015, -0.007406094061750856, 0.00039125693414043816, 0.0033186463597218996, 0.006410929575161317, 0.009635822733440325, -0.006156317380168641, 0.006156317380168641, -0.003843263262908625, 0.0, 0.015095304027917145, 0.011127041048270225, 0.001124659774911052, -0.0016874307809893185, -0.004325446494413576, 0.0047006399883655625, 0.004491843619212066, 0.003727862658007064, -0.0027945933442268256, 0.006137868816123548, 0.001852534750635737, 0.00829426290621349, 0.005856415566295459, 0.0009120561926458937, -0.002738471749829774, -0.0036630003199715766, -0.003860659058742222, -0.00480060353661127, -0.0009259046510845526, 0.011420279092991814, 0.005115129744706515, 0.006357287857029714, -0.008363616229126292, -0.021034062260563147, -0.001492786434493576, -0.011078849434180249, 0.003957421285922136, 0.0024420389316828217, -0.009046446027998867, 0.015405146747273779, 0.003350053433110345, 0.007404683867054507, 0.006983998519582313, 0.0016471090956935441, -0.0018302232761513437, -0.02016900740525185, -0.005059523082715289, -0.0007517906805356578, 0.008051681300917268, 0.0022355591804574804, 0.0005579933623400812, -0.026763659461989553, 0.010451380236670138, -0.0017026874133210246, -0.0022749727220214844, -0.0015194382076351154, 0.0007599397551800724, -0.01011737021312098, -0.011384690971041778, -0.010338410799257458, 0.0029368535032454623, 0.004291801320539745, -0.017873378526110706, -0.00019821018255572476, 0.005140316038318993, 0.0, -0.00474400582225365, 0.005729516902231113, 0.0013781140231570177, 0.008228897983290073, -0.002148587849214234, 0.009923149722092628, -0.02093401084141111, 0.01569278966510157, 0.006208874366308237, -0.013044157316671079, 0.004496988954489245, -0.004496988954489245, 0.009556423194639674, 0.007348596947618802, -0.010653693818828858, 0.015267426749473678, 0.009353858235410684, 0.0022774955367859118, 0.010372604931592644, -0.005644540817429267, 0.015167460253706633, 0.003895030301874103, -0.008178454367220311, -0.005990298320234011, -0.003950720781912054, 0.0022594847995320855, -0.008689200231554173, 0.0011376678536711982, 0.008491535697439323, 0.0024395461508173177, 0.002620791201295658, -0.002245818486992235, 0.010623465341778937, 0.0035162887906385887, -0.0007392862826758329, 0.0007392862826758329, 0.01230150318421197, 0.0012765806935139956, -0.010995075179293323, 0.01626635364623552, 0.005964798441691066, -0.012330179803758945, -0.022510090639254354, -0.013715654205693761, -0.06506834528057115, -0.034716426361069974, 0.033908597063142754, 0.0008078292979272206, 0.034917339828062444, -0.017306310554954685, -0.011973848715561175, -0.0540336074278418, 0.04089822362394058, -0.06622145779817457, -0.06186157779257129, 0.06273048128364267, -0.25991350127061197, 0.05051864172587872, -0.179914878917931, -0.00032058650635202746, -0.09688224813771784, -0.1128061966336773, 0.04029994441060247, 0.14734544106887348, 0.07875612001221377, 0.05796605806899291, -0.005734051391944162, 0.01058202705827238, -0.0839383923804431, -0.03462713615144586, -0.018752717088189375, 0.14778976702257074, -0.030296849087469324, 0.05860826514022843, 0.08972177760379685, -0.04137478029517827, 0.029293053978218575, -0.05224002169824571, -0.03613049229256138, 0.07972340597463567, -0.0640787821177553, -0.026771380123482347, 0.03274471863161521, -0.04995489063441183, -0.001423992223896997, 0.04131221930926032, 0.01734925497240658, 0.021271603650899307, -0.008985035249491569, -0.032374143050143855, -0.0016465589835301664, 0.0049315657337560825, -0.015423042523375896, 0.0303425893065441, 0.01867224572683268, -0.02434248391360372, -0.042312479969255135, -0.03214970212302215, -0.021525249780456335, 0.0017867959873147932, 0.08221470229937777, -0.0354243140605317, 0.018287352205079266, -0.002512388034998647, 0.003348250717126078, 0.04546860880270298, -0.006408534397900567, -0.004026494687300763, -0.008372676585019168, 0.028871386075624672, -0.006874701238833714, 0.0629784989234714, -0.003493953679186479, 0.05377778910492936, 0.037433115354187585, -0.02495500047463528, -0.033062827854617005, -0.058510741959820534, 0.010965242471254966, -0.007381952454928342, 0.034403771806631456, -0.03465931530132349, -0.0040974185297304455, -0.021266356904690698, -0.002361872411176691, -0.01295795725693627, -0.03714680197879194, 0.025096875009388953, -0.019861913902523343, 0.021476811786725003, 0.012296423411868318, 0.030610700103041566, 0.006421058544169522, -0.011587775689493984, -0.015925137848482818, -0.015380770009013833, -0.017795103393901224, 0.011629741605757582, 0.002953335815760738, 0.014901808240299408, 0.008416693202722314, -0.014510184116264035, -0.012030789866463554]"
